antony 0.38070119539998626 0.40862081822666696 0.0 0.0 0.0 0.775473611979805 0.0 0.0 0.0 0.0 
brutus 0.38070119539998626 0.40862081822666696 0.0 0.6678393019745218 0.0 0.0 0.0 0.0 0.0 0.0 
caeser 0.21917601400892098 0.23524980552238092 0.0 0.3844862006579375 0.5165704194494654 0.4464530642312778 0.0 0.0 0.0 0.0 
cleopatra 0.7280869586616608 0.0 0.0 0.0 0.0 0.0 0.0 0.0 0.0 0.0 
mercy 0.21917601400892098 0.0 0.6032976484396252 0.3844862006579375 0.5165704194494654 0.4464530642312778 0.0 0.0 0.0 0.0 
worser 0.2897349306438188 0.0 0.7975161110518196 0.5082631107462275 0.6828689504579974 0.0 0.0 0.0 0.0 0.0 
calpurnia 0.0 0.7814829382815854 0.0 0.0 0.0 0.0 0.0 0.0 0.0 0.0 
angel 0.0 0.0 0.0 0.0 0.0 0.0 0.4273645758583444 0.4273645758583444 0.47270691809973653 0.0 
fool 0.0 0.0 0.0 0.0 0.0 0.0 0.32524837652754823 0.32524837652754823 0.3597564383442055 0.3597564383442055 
fear 0.0 0.0 0.0 0.0 0.0 0.0 0.4273645758583444 0.4273645758583444 0.0 0.47270691809973653 
in 0.0 0.0 0.0 0.0 0.0 0.0 0.32524837652754823 0.32524837652754823 0.3597564383442055 0.3597564383442055 
rush 0.0 0.0 0.0 0.0 0.0 0.0 0.32524837652754823 0.32524837652754823 0.3597564383442055 0.3597564383442055 
to 0.0 0.0 0.0 0.0 0.0 0.0 0.32524837652754823 0.32524837652754823 0.3597564383442055 0.3597564383442055 
tread 0.0 0.0 0.0 0.0 0.0 0.0 0.32524837652754823 0.32524837652754823 0.3597564383442055 0.3597564383442055 
where 0.0 0.0 0.0 0.0 0.0 0.0 0.32524837652754823 0.32524837652754823 0.3597564383442055 0.3597564383442055 
