antony 0.5228787452803376 0.5228787452803376 0 0 0 0.5228787452803376 0 0 0 0 
brutus 0.5228787452803376 0.5228787452803376 0 0.5228787452803376 0 0 0 0 0 0 
caeser 0.30102999566398114 0.30102999566398114 0 0.30102999566398114 0.30102999566398114 0.30102999566398114 0 0 0 0 
cleopatra 1.0 0 0 0 0 0 0 0 0 0 
mercy 0.30102999566398114 0 0.30102999566398114 0.30102999566398114 0.30102999566398114 0.30102999566398114 0 0 0 0 
worser 0.3979400086720376 0 0.3979400086720376 0.3979400086720376 0.3979400086720376 0 0 0 0 0 
calpurnia 0 1.0 0 0 0 0 0 0 0 0 
angel 0 0 0 0 0 0 0.5228787452803376 0.5228787452803376 0.5228787452803376 0 
fool 0 0 0 0 0 0 0.3979400086720376 0.3979400086720376 0.3979400086720376 0.3979400086720376 
fear 0 0 0 0 0 0 0.5228787452803376 0.5228787452803376 0 0.5228787452803376 
in 0 0 0 0 0 0 0.3979400086720376 0.3979400086720376 0.3979400086720376 0.3979400086720376 
rush 0 0 0 0 0 0 0.3979400086720376 0.3979400086720376 0.3979400086720376 0.3979400086720376 
to 0 0 0 0 0 0 0.3979400086720376 0.3979400086720376 0.3979400086720376 0.3979400086720376 
tread 0 0 0 0 0 0 0.3979400086720376 0.3979400086720376 0.3979400086720376 0.3979400086720376 
where 0 0 0 0 0 0 0.3979400086720376 0.3979400086720376 0.3979400086720376 0.3979400086720376 
