antony 1.0 1.0 0 0 0 1.0 0 0 0 0 
brutus 1.0 1.0 0 1.0 0 0 0 0 0 0 
caeser 1.0 1.0 0 1.0 1.0 1.0 0 0 0 0 
cleopatra 1.0 0 0 0 0 0 0 0 0 0 
mercy 1.0 0 1.0 1.0 1.0 1.0 0 0 0 0 
worser 1.0 0 1.0 1.0 1.0 0 0 0 0 0 
calpurnia 0 1.0 0 0 0 0 0 0 0 0 
angel 0 0 0 0 0 0 1.0 1.0 1.0 0 
fool 0 0 0 0 0 0 1.0 1.0 1.0 1.0 
fear 0 0 0 0 0 0 1.0 1.0 0 1.0 
in 0 0 0 0 0 0 1.0 1.0 1.0 1.0 
rush 0 0 0 0 0 0 1.0 1.0 1.0 1.0 
to 0 0 0 0 0 0 1.0 1.0 1.0 1.0 
tread 0 0 0 0 0 0 1.0 1.0 1.0 1.0 
where 0 0 0 0 0 0 1.0 1.0 1.0 1.0 
